              precision    recall  f1-score   support

           0     1.0000    0.8235    0.9032        17
           1     1.0000    0.9412    0.9697        17
           2     0.8500    1.0000    0.9189        17
           3     1.0000    1.0000    1.0000        16
           4     1.0000    0.9412    0.9697        17
           5     0.9730    1.0000    0.9863        72
           6     1.0000    1.0000    1.0000        16
           7     0.9412    0.9412    0.9412        17

    accuracy                         0.9683       189
   macro avg     0.9705    0.9559    0.9611       189
weighted avg     0.9709    0.9683    0.9680       189
